1.000E-03 2.215E+02 
1.500E-03 2.342E+02 
2.000E-03 2.444E+02 
2.500E-03 2.536E+02 
3.000E-03 2.622E+02 
4.000E-03 2.784E+02 
5.000E-03 2.937E+02 
6.000E-03 3.084E+02 
7.000E-03 3.225E+02 
8.000E-03 3.362E+02 
9.000E-03 3.495E+02 
1.000E-02 3.625E+02 
1.250E-02 3.933E+02 
1.500E-02 4.225E+02 
1.750E-02 4.501E+02 
2.000E-02 4.765E+02 
2.250E-02 5.018E+02 
2.500E-02 5.260E+02 
2.750E-02 5.494E+02 
3.000E-02 5.720E+02 
3.500E-02 6.150E+02 
4.000E-02 6.557E+02 
4.500E-02 6.942E+02 
5.000E-02 7.310E+02 
5.500E-02 7.661E+02 
6.000E-02 7.998E+02 
6.500E-02 8.323E+02 
7.000E-02 8.636E+02 
7.500E-02 8.938E+02 
8.000E-02 9.230E+02 
8.500E-02 9.514E+02 
9.000E-02 9.788E+02 
9.500E-02 1.006E+03 
1.000E-01 1.031E+03 
1.250E-01 1.151E+03 
1.500E-01 1.257E+03 
1.750E-01 1.352E+03 
2.000E-01 1.437E+03 
2.250E-01 1.513E+03 
2.500E-01 1.582E+03 
2.750E-01 1.643E+03 
3.000E-01 1.698E+03 
3.500E-01 1.792E+03 
4.000E-01 1.866E+03 
4.500E-01 1.923E+03 
5.000E-01 1.964E+03 
5.500E-01 1.993E+03 
6.000E-01 2.012E+03 
6.500E-01 2.020E+03 
7.000E-01 2.021E+03 
7.500E-01 2.016E+03 
8.000E-01 2.005E+03 
8.500E-01 1.989E+03 
9.000E-01 1.970E+03 
9.500E-01 1.948E+03 
1.000E+00 1.924E+03 
1.250E+00 1.776E+03 
1.500E+00 1.626E+03 
1.750E+00 1.495E+03 
2.000E+00 1.383E+03 
2.250E+00 1.288E+03 
2.500E+00 1.206E+03 
2.750E+00 1.134E+03 
3.000E+00 1.072E+03 
3.500E+00 9.693E+02 
4.000E+00 8.865E+02 
4.500E+00 8.186E+02 
5.000E+00 7.612E+02 
5.500E+00 7.122E+02 
6.000E+00 6.700E+02 
6.500E+00 6.331E+02 
7.000E+00 6.005E+02 
7.500E+00 5.716E+02 
8.000E+00 5.456E+02 
8.500E+00 5.222E+02 
9.000E+00 5.009E+02 
9.500E+00 4.815E+02 
1.000E+01 4.637E+02 
1.250E+01 3.929E+02 
1.500E+01 3.425E+02 
1.750E+01 3.046E+02 
2.000E+01 2.748E+02 
2.500E+01 2.311E+02 
2.750E+01 2.144E+02 
3.000E+01 2.002E+02 
3.500E+01 1.772E+02 
4.000E+01 1.593E+02 
4.500E+01 1.450E+02 
5.000E+01 1.333E+02 
5.500E+01 1.234E+02 
6.000E+01 1.151E+02 
6.500E+01 1.079E+02 
7.000E+01 1.016E+02 
7.500E+01 9.612E+01 
8.000E+01 9.123E+01 
8.500E+01 8.687E+01 
9.000E+01 8.295E+01 
9.500E+01 7.940E+01 
1.000E+02 7.618E+01 
1.250E+02 6.363E+01 
1.500E+02 5.496E+01 
1.750E+02 4.859E+01 
2.000E+02 4.370E+01 
2.250E+02 3.983E+01 
2.500E+02 3.668E+01 
2.750E+02 3.406E+01 
3.000E+02 3.185E+01 
3.500E+02 2.833E+01 
4.000E+02 2.564E+01 
4.500E+02 2.352E+01 
5.000E+02 2.179E+01 
5.500E+02 2.037E+01 
6.000E+02 1.917E+01 
6.500E+02 1.815E+01 
7.000E+02 1.727E+01 
7.500E+02 1.651E+01 
8.000E+02 1.583E+01 
8.500E+02 1.524E+01 
9.000E+02 1.470E+01 
9.500E+02 1.422E+01 
1.000E+03 1.379E+01 
